diary on;
delphi;
校园区域网络二级因素1第1轮打分情况：
     2     2     2     2     3     3
     2     2     3     3     5     5
     2     2     3     3     4     4

校园区域网络二级因素1第1轮征询分析结果：
     2     2     3     1     0
     3     2     5     3     1
     3     2     4     2     1

校园区域网络二级因素1第1轮征询失败，进行下一轮征询.
校园区域网络二级因素1第2轮打分情况：
     2     2     2     2     4     4
     4     4     4     4     5     5
     2     2     3     3     4     4

校园区域网络二级因素1第2轮征询分析结果：
     2     2     4     2     1
     4     4     5     1     0
     3     2     4     2     1

校园区域网络二级因素1第2轮征询失败，进行下一轮征询.
校园区域网络二级因素1第3轮打分情况：
     2     2     2     2     2     2
     4     4     5     5     5     5
     3     3     4     4     4     4

校园区域网络二级因素1第3轮征询分析结果：
     2     2     2     0     0
     5     4     5     1     0
     4     3     4     1     0

校园区域网络二级因素1第3轮征询成功.
校园区域网络二级因素1征询结果:
     2     2     2     0     0
     5     4     5     1     0
     4     3     4     1     0

校园区域网络二级因素2第1轮打分情况：
     2     2     3     3     4     4
     1     1     2     2     3     3
     3     3     3     3     4     4

校园区域网络二级因素2第1轮征询分析结果：
     3     2     4     2     1
     2     1     3     2     1
     3     3     4     1     0

校园区域网络二级因素2第1轮征询失败，进行下一轮征询.
校园区域网络二级因素2第2轮打分情况：
     2     2     3     3     4     4
     1     1     1     1     2     2
     3     3     3     3     4     4

校园区域网络二级因素2第2轮征询分析结果：
     3     2     4     2     1
     1     1     2     1     0
     3     3     4     1     0

校园区域网络二级因素2第2轮征询失败，进行下一轮征询.
校园区域网络二级因素2第3轮打分情况：
     3     3     4     4     4     4
     1     1     1     1     2     2
     3     3     3     3     4     4

校园区域网络二级因素2第3轮征询分析结果：
     4     3     4     1     0
     1     1     2     1     0
     3     3     4     1     0

校园区域网络二级因素2第3轮征询成功.
校园区域网络二级因素2征询结果:
     4     3     4     1     0
     1     1     2     1     0
     3     3     4     1     0

校园区域网络二级因素3第1轮打分情况：
     2     2     3     3     5     5
     2     2     3     3     4     4
     1     1     2     2     3     3

校园区域网络二级因素3第1轮征询分析结果：
     3     2     5     3     1
     3     2     4     2     1
     2     1     3     2     1

校园区域网络二级因素3第1轮征询失败，进行下一轮征询.
校园区域网络二级因素3第2轮打分情况：
     4     4     4     4     5     5
     2     2     3     3     4     4
     1     1     1     1     2     2

校园区域网络二级因素3第2轮征询分析结果：
     4     4     5     1     0
     3     2     4     2     1
     1     1     2     1     0

校园区域网络二级因素3第2轮征询失败，进行下一轮征询.
校园区域网络二级因素3第3轮打分情况：
     4     4     5     5     5     5
     3     3     4     4     4     4
     1     1     1     1     2     2

校园区域网络二级因素3第3轮征询分析结果：
     5     4     5     1     0
     4     3     4     1     0
     1     1     2     1     0

校园区域网络二级因素3第3轮征询成功.
校园区域网络二级因素3征询结果:
     5     4     5     1     0
     4     3     4     1     0
     1     1     2     1     0

校园区域网络二级因素4第1轮打分情况：
     2     2     3     3     5     5
     1     1     2     2     3     3
     3     3     3     3     4     4

校园区域网络二级因素4第1轮征询分析结果：
     3     2     5     3     1
     2     1     3     2     1
     3     3     4     1     0

校园区域网络二级因素4第1轮征询失败，进行下一轮征询.
校园区域网络二级因素4第2轮打分情况：
     4     4     4     4     5     5
     1     1     1     1     2     2
     3     3     3     3     4     4

校园区域网络二级因素4第2轮征询分析结果：
     4     4     5     1     0
     1     1     2     1     0
     3     3     4     1     0

校园区域网络二级因素4第2轮征询成功.
校园区域网络二级因素4征询结果:
     4     4     5     1     0
     1     1     2     1     0
     3     3     4     1     0

校园区域网络二级因素5第1轮打分情况：
     2     2     2     2     3     3
     2     2     3     3     5     5
     3     3     3     3     4     4

校园区域网络二级因素5第1轮征询分析结果：
     2     2     3     1     0
     3     2     5     3     1
     3     3     4     1     0

校园区域网络二级因素5第1轮征询失败，进行下一轮征询.
校园区域网络二级因素5第2轮打分情况：
     2     2     2     2     4     4
     4     4     4     4     5     5
     3     3     3     3     4     4

校园区域网络二级因素5第2轮征询分析结果：
     2     2     4     2     1
     4     4     5     1     0
     3     3     4     1     0

校园区域网络二级因素5第2轮征询失败，进行下一轮征询.
校园区域网络二级因素5第3轮打分情况：
     2     2     2     2     2     2
     4     4     5     5     5     5
     3     3     3     3     4     4

校园区域网络二级因素5第3轮征询分析结果：
     2     2     2     0     0
     5     4     5     1     0
     3     3     4     1     0

校园区域网络二级因素5第3轮征询成功.
校园区域网络二级因素5征询结果:
     2     2     2     0     0
     5     4     5     1     0
     3     3     4     1     0

diary off;
